190
19
205
73
156
229
107
169
179
197
51
169
142
100
145
192
144
235
215
81
133
219
150
123
3
74
24
76
207
74
95
49
98
110
69
181
64
150
51
237
14
191
26
138
218
252
58
147
103
116
17
152
233
211
251
116
31
203
68
39
219
237
145
105
90
243
241
76
159
157
254
171
15
230
58
131
13
214
75
81
45
4
58
211
51
250
24
159
245
96
226
243
157
50
58
145
141
210
236
121
171
250
153
97
208
65
202
234
179
185
253
228
238
112
30
211
105
136
28
66
78
71
161
201
53
195
103
139
130
48
16
87
76
234
34
39
45
169
100
155
151
16
235
157
127
166
7
70
87
136
